
=== cifar-dense  (interference, p50 ms) ===
stage        jetson/cuda      jetson/vulkan      jetson/little      minipc/vulkan         minipc/big R5CY21Y3VEV/vulkan    R5CY21Y3VEV/big R5CY21Y3VEV/medium R5CY21Y3VEV/little
    1             2.4072             3.3807            14.7192             0.8724             3.5470             1.5335            40.1574            30.7247            92.7332
    2             0.2499             0.2471             1.8377             0.1404             0.2554             0.3402             2.6720             2.2093            10.5290
    3             5.5635             7.9504            31.9868             2.2168             7.2982             2.5889            98.2347            75.9551           195.3640
    4             0.1433             0.2283             0.7716             0.1057             0.1346             0.4627             1.6426             1.0297             5.1918
    5             5.9113             9.0283            29.2635             8.0707             6.1930             4.7394           100.0752            72.7636           178.7853
    6            11.6966            17.8450            58.0564            15.3357            12.4439             9.4278           196.0634           146.5104           347.8305
    7            11.6993            17.8271            57.9179            15.0937            12.5325             9.4325           196.3712           154.8329           357.7234
    8             0.0958             0.3575             0.3678             0.1556             0.0646             0.4056             0.7229             0.5309             2.5685
    9             0.2364             0.2282             0.4225             0.0799             0.0576             0.6457             0.5693             0.4231             1.1777
  note: R5CY21Y3VEV/vulkan: dropped 1 run-records (cv>1.0)
  note: minipc/vulkan: dropped 2 run-records (cv>1.0)

=== cifar-sparse  (interference, p50 ms) ===
stage        jetson/cuda      jetson/vulkan      jetson/little      minipc/vulkan         minipc/big R5CY21Y3VEV/vulkan    R5CY21Y3VEV/big R5CY21Y3VEV/medium R5CY21Y3VEV/little
    1            23.6405            27.9138           163.1050            10.1233            53.1034            16.1444           616.4413           415.6064           711.1746
    2             0.9595             1.6066             2.8840             0.8000             1.5525             1.3717            17.3733            12.0404            33.6670
    3            55.5219            67.8207           400.8687            25.5529           136.5127            40.2990          1632.9257          1093.6138          1794.7194
    4             0.4783             0.8170             2.3267             0.3859             0.3490             0.7191             8.4100             5.9339            18.1732
    5            54.8205            67.2769           396.8410            25.2909           134.9464            39.9993          1629.9818          1082.1521          1727.4421
    6           109.0226           133.8269           783.2880            50.0762           271.0018            79.6624          3237.3883          2171.0950          3430.7179
    7           109.0349           133.8261           782.2721            50.0187           258.5131            79.6614          3242.7110          2122.4028          3310.0960
    8             0.2850             0.4229             1.4358             0.1675             0.1513             0.4151             4.9281             3.1255            10.1868
    9             0.7942             0.7660             1.3391             0.1845             0.1999             1.4616             1.9782             1.3153             4.2474

=== tree  (interference, p50 ms) ===
stage        jetson/cuda      jetson/vulkan      jetson/little      minipc/vulkan         minipc/big R5CY21Y3VEV/vulkan    R5CY21Y3VEV/big R5CY21Y3VEV/medium R5CY21Y3VEV/little
    1             0.2482             0.1984             0.7539             0.0769             0.0664             0.2013             0.6947             1.0826             2.6168
    2             1.2499             2.5229             2.7600             0.8083             0.6482             2.7467             0.5832             1.0345             1.5019
    3             0.5589             0.3590             0.8869             0.1818             0.2761             0.4505             0.2328             0.2864             0.8123
    4             0.8774             0.5823             3.6465             0.2064             0.6575             0.5956             4.2183             3.2289             8.5960
    5             0.1232             0.0747             0.2659             0.0326             0.0673             0.0819             0.3374             0.2674             1.3356
    6             0.5243             0.3287             0.5420             0.1557             0.2677             0.5119             0.1699             0.2101             0.6940
    7             6.8500             0.5119             2.9505             0.2394             0.3469             0.5969             4.4832             4.1491            31.6197
  note: R5CY21Y3VEV/vulkan: dropped 1 run-records (cv>1.0)
