
=== cifar-dense  (isolated, p50 ms) ===
stage        jetson/cuda      jetson/vulkan      jetson/little      minipc/vulkan         minipc/big R5CY21Y3VEV/vulkan    R5CY21Y3VEV/big R5CY21Y3VEV/medium R5CY21Y3VEV/little
    1             2.4201             3.3950            14.0886             0.8518             3.0858             2.0614            37.7311            28.1576            81.7991
    2             0.3371             0.4691             0.9667             0.1447                 --             0.8302             2.4331             1.8438             6.6922
    3             5.5943             7.9808            30.4844             1.7025             6.4081             2.8202            90.6478            67.6022           178.8089
    4             0.2522             0.4387             0.4566             0.2455                 --             0.1635             1.2226             0.9186             3.3153
    5             5.9434             9.0549            29.2695             6.6284             5.7802             4.7980            86.5694            64.5386           164.5266
    6            11.7506            17.8905            57.9955            13.2435            11.8470             9.5958           169.9076           126.8653           324.8623
    7            11.7504            17.8914            57.9465            13.2472            11.7814             9.6287           169.8799           127.1595           324.5110
    8             0.1572             0.6908             0.2410             0.3543             0.0620             0.1667             0.6131             0.4595             1.6368
    9             0.3863             0.4199             0.3082             0.2293             0.0574             0.2355             0.4713             0.3526             0.7546
  note: minipc/vulkan: dropped 8 run-records (cv>1.0)

=== cifar-sparse  (isolated, p50 ms) ===
stage        jetson/cuda      jetson/vulkan      jetson/little      minipc/vulkan         minipc/big R5CY21Y3VEV/vulkan    R5CY21Y3VEV/big R5CY21Y3VEV/medium R5CY21Y3VEV/little
    1            23.7072            28.0172           163.2966             8.2557            48.5536            16.1461           464.7503           956.5622           571.6535
    2             0.8912             1.6098             3.0096             0.6118             0.6218             0.9441            10.0764            27.0512            21.4748
    3            56.1054            68.0834           403.3331            21.0814           126.4616            40.2990          1140.2102          1938.8403          1481.9673
    4             0.5694             1.2093             1.4077             0.4191             0.2386             0.5283             5.1421            13.5914            10.9961
    5            55.0303            67.5304           406.3088            20.9805           124.0823            39.9993          1128.9680          1961.1525          1423.6507
    6           109.5273           134.3400           778.6383            43.5007           246.5085            79.6630          2252.8002          3721.2408          2907.0831
    7           109.4366           134.3212           785.0379            43.5955           248.2465            79.6619          2261.0106          3728.9346          2913.4500
    8             0.2962             0.8254             0.7165             0.2165             0.1308             0.3752             2.7580             4.1602             5.6052
    9             0.7956             0.7670             0.8928             0.3052             0.1715             1.0664             1.3709             3.1571             2.7498
  note: R5CY21Y3VEV/vulkan: dropped 1 run-records (cv>1.0)
  note: minipc/vulkan: dropped 2 run-records (cv>1.0)

=== tree  (isolated, p50 ms) ===
stage        jetson/cuda      jetson/vulkan      jetson/little      minipc/vulkan         minipc/big R5CY21Y3VEV/vulkan    R5CY21Y3VEV/big R5CY21Y3VEV/medium R5CY21Y3VEV/little
    1             0.2469             0.1984             0.3459             0.0818             0.0662             0.1649             1.6768             0.4089             2.0090
    2             1.4936             2.5394             3.0966             0.8969             0.6114             2.8015             0.5724             0.9692             1.4976
    3             0.4991             0.6393             0.7393             0.2584             0.2698             0.7771             0.2363             0.2642             0.6815
    4             0.8914             1.0132             2.8681             0.3765             0.5734             1.1892             3.9123             2.9017             6.8610
    5             0.1734             0.1283             0.1397             0.0364             0.0588             0.4890             0.3046             0.2274             0.8851
    6             0.4849             0.3773             0.3069             0.1544             0.2693             1.2337             0.2017             0.1798             0.4807
    7             6.6687             0.5946             2.3485             0.2388             0.3142             0.8091             3.2484             2.4240             7.0829
  note: R5CY21Y3VEV/vulkan: dropped 2 run-records (cv>1.0)
  note: minipc/vulkan: dropped 3 run-records (cv>1.0)
